geoId,0-9,10-19,20-29,30-39,40-49,50-59,60-69,70-79,80+
BI,0.32566801120969263,0.2291936921552924,0.1706852560820017,0.1294740017497589,0.06287492806401868,0.0413744059368346,0.028562547741817795,0.009429910449111794,0.002737246611471526
DJ,0.1995036447294641,0.18149760830443662,0.1794814180538096,0.16438833119771012,0.12239044050518115,0.07902514367379822,0.04487237880085263,0.02260116882354489,0.006239865911202608
ER,0.27401381728708923,0.24267382354127126,0.1613556404798407,0.12992344125509986,0.07919012572372136,0.04848541926846372,0.03618487001142276,0.021735115371048098,0.006437747062043008
ET,0.2786756220010993,0.2333695010184225,0.18648553255338257,0.1199760623327128,0.07862187976517745,0.049616285880721034,0.03152784477846345,0.01678242752750669,0.004944844142514243
KE,0.2606206284765293,0.23705729636441744,0.1784274138806389,0.13892440763009264,0.09118330782406228,0.05217658862627461,0.02824603459466295,0.010681144030365639,0.0026831785729562042
MG,0.28034132655067695,0.22906083737835722,0.17690703256532384,0.12173289830901493,0.08623221846765552,0.05560521265035425,0.03305071582956192,0.012995657545141261,0.0040741007039141455
MU,0.10448926572241614,0.13773277652274357,0.15475240354561803,0.13768874329967676,0.1431787426470415,0.13787824342037497,0.10850257948193343,0.054422704787905334,0.021354540572290366
MZ,0.31091494967195304,0.24301239128490776,0.16939437892961656,0.11481967856150457,0.07324447732050442,0.04479755280961535,0.026992489466232037,0.013464698219685635,0.0033593837359806385
RW,0.27493557276600455,0.22434744528906223,0.17070779200675337,0.13994168871116885,0.08261864829389333,0.05624114002484054,0.034368963626204604,0.013497079918954363,0.0033416693631179045
SC,0.16201952410006099,0.14100061012812687,0.13657718120805368,0.1473052674394956,0.1512405938580435,0.13196054504779334,0.08042505592841162,0.032591010778930236,0.01688021151108399
SO,0.32815026332928526,0.24775283094003803,0.16949845088021503,0.09654457036047889,0.06631092165784666,0.04618145638086281,0.02911870779607328,0.013219914732188615,0.003222883923011443
SS,0.289955384840923,0.23065602177790798,0.17536175835595091,0.11918753795093665,0.0801195919608202,0.05320166318123299,0.03081520018932029,0.016315027816020917,0.004387813926887099
UG,0.32478415425985446,0.2503098751666995,0.1721141863973241,0.1115213921864411,0.06850318095363024,0.04049834940206818,0.021300911654751762,0.009007192671782429,0.001960757307448461
TZ,0.3074003168000221,0.23586218504293344,0.16483433036943165,0.11989658254976925,0.08070294656765631,0.048994284062970746,0.02716701063760562,0.01240890208095652,0.0027334418886543295
ZM,0.3080698191401241,0.2475082620954924,0.17299774868912868,0.11886418788208586,0.07690885465565736,0.04140887848077965,0.02196670836244386,0.009789242315418945,0.0024862983788690525
ZW,0.2898594603875804,0.23951910683541672,0.16705935513240425,0.12564658361034808,0.08462814895074167,0.046968473975550026,0.028622558665597965,0.013480386467618389,0.004215925974742391
AO,0.3316217101375794,0.23981362897667607,0.16144324630955972,0.11256918491627953,0.07341067747637182,0.04456246751228342,0.02391196347574358,0.010093296872039139,0.002573824323467453
CM,0.29556491361516807,0.23267123646832513,0.17146878323493256,0.12807426422436277,0.08068462190569498,0.04853776844483192,0.027623851308814056,0.0125343066626123,0.0028402541352581328
CF,0.29724205986048186,0.2618363961468926,0.17391947101349053,0.10380113810943974,0.07029929412700084,0.048158874843574145,0.028792504147200568,0.012734783728563136,0.003215478023356835
TD,0.33194909319506516,0.2458762126230354,0.16930724901510477,0.10773537018672813,0.06592233623824482,0.03985465843825884,0.025408047152967767,0.010998572433867843,0.0029484607167272045
CG,0.2885662290516359,0.2279708275976551,0.15843537947536937,0.12324531740318934,0.09710131690446623,0.05942126372666493,0.029853978512862776,0.012576267303988408,0.0028294200241677737
CD,0.32924122091699237,0.23447622594214804,0.15820694369641639,0.10900157393691595,0.07375419215178897,0.04853656604132737,0.02887226957719422,0.014165543898798191,0.0037454638384186115
GQ,0.26490874813344406,0.18909468027099363,0.20412548958114304,0.1774651902907016,0.082226110756708,0.04434616193330648,0.024860565152157718,0.010492628217692989,0.002480425663852429
GA,0.26957741467061563,0.1899468398654283,0.16507542700635477,0.15728157259108033,0.10430924174023061,0.0602733128216925,0.032035810305661785,0.01648584193576214,0.005014539063173937
BW,0.22920533673523621,0.20072630627757398,0.17116206878222504,0.15533471535640245,0.1109934619677882,0.06233264232179874,0.04433147291766331,0.020648700366767657,0.005265295274544198
SZ,0.24705127895711293,0.23877486286421573,0.1834973331356601,0.1390570643460752,0.08998641571364047,0.0445773183791257,0.03148003213338803,0.019467075344520253,0.006108619126261458
ZA,0.1953441392821187,0.17550841200505354,0.17099499247074926,0.17122828037510188,0.11875620587809306,0.08281302453316707,0.053355435771722484,0.02488766823209212,0.0071118414519019055
BJ,0.2966997651939694,0.2292700325442181,0.1700679969097263,0.11848713516021105,0.08098787135209702,0.0536723890841344,0.03127747315518562,0.015246389607758612,0.004290946992699452
BF,0.3134526556074123,0.24061025261205435,0.16782367818100105,0.11615560966083881,0.07592746936628789,0.04676252212691233,0.025779545198604727,0.011205754427606995,0.002282512819281262
CV,0.18898969042497318,0.17974668518025566,0.17598401404346856,0.17677719663014307,0.11673992963876918,0.08617452175226804,0.04743447700310078,0.01628812132635956,0.011865364000661884
CI,0.2938132231921914,0.23143507299093674,0.17669821093305008,0.1202586219151935,0.0802763637880036,0.050694217116168526,0.031164509430582563,0.012955509789779662,0.002704270844094241
GM,0.3154389687602414,0.23042384046768605,0.17759150630786905,0.11715778444996905,0.07202780361688677,0.047963225338731416,0.024530096033209423,0.012417117149922375,0.0024496578754845525
GH,0.2593211232472493,0.21294154770331555,0.17373927704631797,0.13485744592281163,0.09755271024358973,0.06870861451980173,0.03511308631994811,0.014700569900921848,0.0030656250960441633
GN,0.3019635124046738,0.24362329046253076,0.1801398362206605,0.11199948952210621,0.06841188073335816,0.046793096243357854,0.031078616032295347,0.013039877582771434,0.002950400798246101
GW,0.29590934543632663,0.2286735047494967,0.1739757865607587,0.129322285896632,0.07956054833389058,0.04684354354018652,0.030699218190262386,0.012518813535379609,0.002496953757066826
LR,0.2805272064625717,0.2323250377594299,0.1662528073659113,0.12452515255521458,0.08782609091090635,0.056118253498592334,0.03330975861052416,0.015116623698982755,0.003999069137867049
ML,0.33382916476427593,0.24737065150008147,0.15820671879489018,0.10668474197161462,0.07337776804649133,0.041930075571208585,0.024754091609264096,0.011411036207200161,0.002435751534973819
MR,0.28127389959695975,0.21669433894091183,0.16945368048416445,0.13329555279310745,0.0908952482547111,0.057455813973494835,0.032491192904427424,0.014449658684721036,0.003990614367502141
NE,0.36180268914689345,0.2437812920390921,0.15356768284531563,0.09332213695451115,0.06315185637525181,0.04324640565504434,0.026635216888459844,0.012226358094532425,0.0022663620008992577
NG,0.3097534148062497,0.2314120770989999,0.1609463736822176,0.11821140400363761,0.0826501170781913,0.051907404859601276,0.030360621611219198,0.012727797887748752,0.002030788972134692
SN,0.3005615169198629,0.2307523980331977,0.16863030363839313,0.12250959004248106,0.07954094409138117,0.04985090119225295,0.03020581189720693,0.01428469899241098,0.003663835192813157
SL,0.2790383835496745,0.23407289846978524,0.17619614428258296,0.12749804594091627,0.08435442714258583,0.05254278402178267,0.029337525393366037,0.013640366629747954,0.0033194245695585484
TG,0.28267367353256906,0.23131499406250014,0.16611966293892416,0.12858930051769976,0.08993122984822445,0.05444236240383044,0.03091498135524779,0.013467392429545715,0.002546402911458596
DZ,0.2206900757183814,0.1535139540466574,0.14991011730325318,0.16590791238420485,0.12425289405316996,0.08665828085320569,0.05770768097807845,0.02822815411710959,0.013130930545939352
EG,0.24457601027877207,0.17966031423469586,0.1613448607307554,0.1485165159951146,0.10698847776539039,0.07665938110764178,0.05005801421443774,0.024732445060533556,0.007463980612658678
LY,0.18707135941199954,0.17256505222384105,0.1594193343983449,0.16932315590951152,0.15269337461817556,0.0898163619129866,0.0413691059622455,0.02021833755452217,0.007523918008373104
MA,0.1829453513002973,0.16518839948179595,0.15939282196709134,0.15189030737492507,0.1206275992901543,0.10142853976902759,0.0740985546737061,0.03243185865681033,0.01199656748619189
SD,0.27660223936686373,0.23087401981547281,0.17394036831035878,0.11866206937223968,0.08500299058577235,0.058221061792386994,0.035028178006798694,0.016717519281792357,0.004951553468314373
TN,0.17072715270093342,0.1387588633459513,0.14598542739937953,0.16195328421647948,0.13305032788097562,0.11520010207623262,0.08144725550821594,0.03588456789110199,0.016993018980730235
AM,0.1413519823274166,0.1245024861350808,0.137999226520754,0.1700685804766009,0.11915630017744126,0.12238419240599967,0.11082553723398152,0.04277184994502628,0.03093984477769896
AZ,0.1662894663520454,0.13171268865563518,0.15868993285942887,0.17424415694570808,0.12632221063350813,0.12634913590109648,0.07932676968293771,0.023942973664030847,0.013122665305609182
BH,0.12819533340424769,0.10687401084754608,0.18022629516162303,0.29838861812794326,0.15087186461077715,0.08241208333651664,0.03912356905305237,0.010471425725339288,0.003436799732954549
CY,0.10965485882018713,0.11732779177064687,0.1588605230747059,0.15603369663257302,0.1380100897743094,0.12219874585977185,0.09972245252248499,0.06516775015923158,0.03302409138608916
GE,0.1386660149028308,0.11808381432251029,0.12551417272995044,0.14165234666315718,0.12983787374582462,0.13126097501363065,0.11527646693865272,0.062365276028251454,0.03734305965519186
IQ,0.26378840720081487,0.2165642700057726,0.17814878402768716,0.13434477212917353,0.09787108475074262,0.058205030154388944,0.03213109338322381,0.014263607612882766,0.004682950735313512
IL,0.1930666147846795,0.16233104320111244,0.1382900271629468,0.12965625141166795,0.1201746950306168,0.09190598253765998,0.08129393645065051,0.05310586594182847,0.030175583478837423
JO,0.21685118502735432,0.21364530918913197,0.17666483063057056,0.14609306546808137,0.11186213263759978,0.07405475177249356,0.035898556718814006,0.018695323204425303,0.006234845351529039
KW,0.14244632382194106,0.12486082045856717,0.10417408664852854,0.20572369497885876,0.22605192804789437,0.13143442679571757,0.0515770403106101,0.011368524477920123,0.002363154459962305
LB,0.16880328043224158,0.16628915753734333,0.17238063117377597,0.14792390001995473,0.1264010447968058,0.1061877018367455,0.06560263789509894,0.030997699489644766,0.015413946818389196
OM,0.16303791430029474,0.10384633912594271,0.2125755538592831,0.2819515523177552,0.13413348393517277,0.06180210714636798,0.027961145352054642,0.010390038659607075,0.004301865303521583
QA,0.09390155012391273,0.07927637744441282,0.24899550859753009,0.29370440046371826,0.1602882272496928,0.08821787814207271,0.02839093944589838,0.00580515504710072,0.0014199634856615277
SA,0.1710874577650337,0.1396076167005521,0.15381112359623825,0.20050524694656874,0.18408724891147546,0.09239341323387029,0.039453273030542683,0.014185611727648642,0.004869008088070194
PS,0.26748024470068704,0.21748726236009766,0.1893052830821874,0.1302179630126224,0.08784619799679147,0.05828146538137646,0.02976683336548127,0.015257528497969977,0.004357221602786364
SY,0.20775808588214714,0.190000009713921,0.17713523555144242,0.16611907770091144,0.110218776357939,0.07344558550001865,0.04699052155584787,0.020316208700050516,0.00801649903772184
TR,0.1591109609974699,0.16119634095549104,0.15620475147063223,0.15146872563814348,0.1357209583549223,0.10562629297286392,0.07342258125762761,0.039763055477006884,0.017486332875842697
AE,0.1022924249777562,0.08523325649114293,0.2173160842837499,0.32044346032516385,0.16259291838550513,0.08067550351856347,0.02453965461457575,0.005650327590390682,0.0012563698131521476
KZ,0.20600044512597443,0.14490948812270435,0.13704170811207736,0.15942598454563942,0.12176900880436596,0.10861547767667672,0.07663265981622869,0.029425021117920194,0.016180206678412776
KG,0.23442753285426504,0.16871072597353454,0.16598839610918814,0.15552962811787702,0.10521381118363948,0.08911986175757271,0.055765381485612546,0.017046404680672287,0.008198257837638414
UZ,0.2005941044480927,0.16316058236111355,0.17768536976340543,0.1666366440380004,0.1174363330296611,0.09168910794668256,0.057952626831613153,0.01709482201829808,0.007750409563132956
AF,0.28484984756992343,0.2522984218618512,0.180739040484669,0.11648700878365201,0.07612600290364287,0.04727142109652194,0.027165195660405875,0.012342036358549162,0.0027210252807845065
BD,0.17592275514202393,0.18625622029320493,0.18073437678736098,0.16097961214658266,0.12539527214088841,0.09111518135932296,0.04430666304700406,0.024869921335487665,0.010419997748124419
BT,0.16307159556875733,0.17624531500287707,0.19869312556051488,0.1797289311208224,0.1161257212173994,0.07648144404182412,0.04783233023851365,0.02881500028511739,0.013006536964173702
IN,0.17018904907320279,0.18275414248049657,0.1738415294962994,0.15625767450007055,0.12294176442055293,0.09284914699745683,0.06315256092465243,0.02838787936170218,0.009626252745566461
IR,0.17341759611666469,0.13986801964207637,0.14695169724536292,0.19929583854493124,0.13876897505913383,0.09876222592150082,0.06425425952103386,0.02803338751525976,0.010648000434036412
MV,0.1347184862600871,0.1099600031079916,0.25841470228030383,0.2545722626548908,0.11960032707911689,0.0653344235970563,0.03360330927106497,0.015662057712444177,0.0081344280370443
NP,0.18749421693687243,0.2100480601718623,0.20202535569441923,0.13017012707774991,0.10452939800406415,0.07920222421069596,0.05107210096589853,0.027852570535523317,0.007605946402914143
PK,0.24202846589545018,0.20565420172962,0.18076843962500444,0.13950698451364524,0.09619504173732496,0.06846146686731282,0.04030205104766629,0.02063869297481405,0.0064446556091619115
LK,0.15644682614736202,0.15813666771741797,0.1355168879081877,0.13169514202654897,0.1345477683210162,0.11931014675492979,0.09401636837005124,0.05353400347915426,0.016796189275331865
CN,0.11857486347613128,0.1157520031347721,0.12863483070627027,0.15898467678614195,0.15014812296152624,0.15436823667723287,0.1053716389179854,0.04967214902683877,0.018493478313101223
TW,0.08619496132452863,0.09190207322359976,0.1310149673916809,0.1489952355010282,0.1590409700725644,0.15364036482689197,0.13020293469623828,0.06251056240821858,0.03649793055524941
JP,0.08048904247460821,0.08908512444268483,0.09604415866864331,0.1142933335467064,0.14605939549635397,0.13078730430607094,0.12551928834060172,0.12797144429835317,0.0897509084259776
MN,0.22495708130941353,0.15265357692359313,0.15252332617106712,0.17212621694467728,0.12904463665835747,0.09579744574308818,0.048306252158136005,0.018268354374778088,0.00632310971688916
KR,0.08101968389080824,0.09271179530986479,0.1310006051783583,0.138091512010246,0.1603076842476698,0.16533711879122395,0.12587885396964488,0.06945002419874721,0.03620272240343677
BN,0.15167446506492824,0.1487692093178478,0.15931133324037733,0.17501937218131905,0.1554414685827792,0.11479531776091871,0.06517510394689621,0.0218728499164539,0.007940879988479553
KH,0.21117250577203583,0.18542223681110517,0.18647110518942822,0.1728137455349375,0.0854769710408613,0.08298860019555031,0.048853245812795536,0.021080543772699883,0.0057210458705861745
ID,0.17532835308581993,0.16928338704612278,0.15929675777434957,0.1505048150850562,0.13836730027787983,0.10659079056283771,0.0640939562583518,0.027692215291344063,0.008842424618237995
LA,0.21534326723620845,0.20153112696816575,0.18728809179669567,0.14933965184241588,0.10620274244332666,0.07237618678215108,0.043704013823823225,0.018715270695462995,0.005499648411750249
MY,0.1589071654765597,0.15805998010628317,0.1782848778523684,0.17460354536263645,0.1232939889571766,0.09720191541753169,0.066469910799599,0.031674629653008074,0.011503986374836952
MM,0.1658021531932284,0.18225843678070167,0.1684086692186337,0.14837400413609358,0.13269614657978673,0.10243043743190795,0.06623741306574328,0.02615393103675416,0.007638808557150575
PH,0.20089501760271858,0.19501262466966812,0.17871801506619506,0.141465354171297,0.11234810277704403,0.08547935074743966,0.053648592729301774,0.024088272168504263,0.008344670067831505
SG,0.08188186572992387,0.08645544372355604,0.14239472796723202,0.15325853543971696,0.16492588554209558,0.16173786733529982,0.13662874125499994,0.049507182741251245,0.02320975026592458
TH,0.10658788459790058,0.1216663850524423,0.1379700721395643,0.13223108752269236,0.15636476275107136,0.15302861556775849,0.1092314957463167,0.05539497447979139,0.027524722142462568
TL,0.2517198329543507,0.2326351860756863,0.18575561154756903,0.1206173650414656,0.07644477345230204,0.06710420329449455,0.03803276898035712,0.0219304300075392,0.005759828646235481
VN,0.1590178480407918,0.1397086600284699,0.15810273301389643,0.16643887244588304,0.13944071900039884,0.11413735085911411,0.07543449651409041,0.02854440566491501,0.01917491443244042
AG,0.148915529776979,0.14160403561800508,0.15209133240748304,0.14392206519075237,0.14153255452985866,0.13103504615635977,0.08213177028020587,0.04187770606976554,0.01688995997059064
AW,0.11011932637731112,0.13122154993162616,0.1403068392559429,0.10531442594084259,0.13366614839930316,0.16114680703594775,0.12882378285221888,0.06517055991607815,0.024230560290729255
BS,0.1364380747009521,0.16222587273171132,0.16927740255513066,0.14102296769468634,0.14366506631947273,0.12516783302140125,0.0748382699975588,0.03469820571242575,0.012666307266661243
BB,0.10654519767130292,0.12705527001680753,0.1307647605360318,0.12918492123422332,0.13594621586729347,0.1389701814031339,0.11682807242206067,0.07013233764019333,0.044573043208952876
CU,0.10589005577658853,0.11007100443768907,0.12545838933711534,0.1344649628803519,0.13790367749732135,0.17368779872117146,0.10365161139037467,0.07100152419751848,0.03787097576186921
CW,0.11780012187690435,0.1314686166971359,0.11906154783668495,0.11409506398537476,0.12358927483241926,0.14884826325411335,0.1261730652041438,0.07925045703839122,0.039713589274832414
DO,0.18430730950421392,0.17845613309262326,0.17093781434643968,0.1442105313616345,0.11748712009250821,0.09350516007516291,0.06288210146402476,0.0314807358177211,0.01673309424567179
GD,0.16113723015668469,0.1434157786684916,0.16254143744612026,0.16183933380140247,0.11438956976155139,0.10793732614047408,0.08510562660528447,0.04255281330264223,0.021080884117349073
HT,0.21931784806060198,0.20579015206533496,0.17929849446609802,0.15186590558431184,0.0970387018393194,0.06924987632134018,0.04594873788131111,0.022820806569908637,0.00866947721177391
JM,0.15696174574769828,0.15757333019042194,0.17408577243858067,0.14973282438881236,0.12070603388333156,0.10824571848676921,0.07245164987651803,0.04036288469286202,0.01988004029500591
PR,0.08400469792089035,0.13795458676472644,0.10093294277205297,0.11588099998601809,0.13955481606800801,0.1447770584863187,0.12619545308370966,0.09566456005928328,0.05503488485899246
LC,0.11878298090170943,0.13252264075935719,0.17870815611913152,0.15491561790349018,0.13895953253571058,0.12729470835216658,0.07926307936110308,0.04551024075717887,0.024043043310152532
VC,0.14373529703371882,0.15708401308733,0.1577509982243774,0.14160815524529732,0.13054882060803807,0.12249091908749224,0.08270615699387997,0.04058694692060173,0.02348869279926451
TT,0.1317986325028171,0.13276969984087073,0.13076325606952816,0.17353523531055218,0.13679402011159772,0.12508976477876602,0.09710173198684378,0.05262913444959631,0.019518524949428046
VI,0.12322955670685576,0.13424245616387195,0.12191758520632427,0.09318828227497773,0.11267632609674114,0.1383698993516754,0.1342711854668033,0.10439271041820289,0.03771199831454756
BZ,0.19643328697427953,0.19578945780026707,0.19068157868925437,0.15018069971153436,0.11055251105952653,0.08000080478646752,0.044801456663506205,0.020901813536005395,0.010658390779159048
CR,0.1385124086347498,0.14111129040300235,0.16184482718682777,0.16208019687034877,0.12770856718165316,0.11825314470779412,0.08303858139020838,0.04531995161474595,0.022131032010669564
SV,0.17680966100187148,0.17973895659416042,0.187446241644377,0.13604912952898007,0.1117976454938723,0.08758146717932423,0.06264005694550633,0.038295297971801985,0.019641543640106125
GT,0.22591900105645554,0.21610284508438948,0.19051359077834376,0.14133317689582475,0.0950007889786575,0.05882130328334013,0.0401244348001936,0.021350538333506277,0.010834320789289004
HN,0.20253118548457447,0.2084522678737008,0.19237692193371006,0.1485103701226742,0.10578268216167665,0.06865602353975038,0.04241238017698429,0.020728836517305883,0.010549332189623253
MX,0.17194430805336172,0.1733497693949031,0.1685808492741949,0.14643315651531924,0.1283440988807553,0.09895058240166485,0.06410281955276328,0.03248757900950117,0.01580683691753638
NI,0.1988278758086959,0.18720671610496342,0.17601184925053065,0.15932423526172476,0.11518315044303358,0.07658175931541956,0.05264535544581567,0.022718812466469437,0.01150024590334685
PA,0.17933270108613023,0.1684004794695798,0.15719385144230233,0.14336692030718687,0.12895131325716702,0.10034815313360998,0.06550340597686828,0.036573924716230395,0.02032925061092508
AR,0.16476026067656718,0.15790658937006438,0.15482827079176004,0.14252243080144414,0.12673184045491684,0.0979060499391348,0.07807680792831596,0.0509038045744849,0.026363945463311753
BO,0.2025684164752782,0.19683802721641488,0.17472191665076822,0.14041762425159746,0.1060858325632533,0.0756951773185863,0.05271279631019507,0.03357663208067076,0.017383577133235944
BR,0.13679427383052237,0.14659640872448984,0.16044758103368645,0.16219823983421033,0.13860598379815783,0.1148911831985758,0.07949242086949913,0.04140748716515297,0.01956642154570537
CL,0.12701676362713965,0.13045886870142503,0.15670146732545137,0.15407887620395863,0.13488050899631823,0.12305112378714836,0.09373129368903635,0.05195203714292933,0.028129060526592895
CO,0.14571019598653256,0.15957971250214514,0.17387106045325582,0.15349560374761778,0.1267771496599918,0.1089556951999812,0.07411840099315126,0.03890819160329042,0.01858398985403422
EC,0.18578013111104308,0.1766125037266778,0.17208964884776223,0.14696084466073345,0.1183604204712788,0.0901849792496313,0.06165245711344857,0.03231434909817231,0.016044665721252436
GY,0.1876883997258947,0.1847935119933788,0.18473630077336858,0.11837509964287489,0.11508990425384494,0.10086592359886547,0.06529198699652539,0.02916500860075341,0.013993864414494022
PY,0.19402806577750106,0.18734979032685453,0.185213802115098,0.15550246546456864,0.1020168159124462,0.07688211616354924,0.05638420027676013,0.029964823141297683,0.012657920821924335
PE,0.16515302176287006,0.15572691926317986,0.1630416750096431,0.15865541771607208,0.13182956149922573,0.10050632287922248,0.06904796898541866,0.03807518086794413,0.01796393201642395
SR,0.17869915483930354,0.17426708987204967,0.1632568177091679,0.1411203578381069,0.12396826641483447,0.1105084260373589,0.06294895965798095,0.03185120535120705,0.01337972227999059
UY,0.136185140628495,0.13787180167007942,0.14726545868457713,0.1327525162455196,0.1309889925143801,0.11258138592929151,0.09440033715948319,0.06340912800574139,0.04454523916243274
VE,0.17916054340100485,0.18141012591001465,0.14525064282200875,0.1416489335345763,0.12536858721372454,0.10602718538295003,0.07183004270334907,0.0348101696504315,0.014493769381940315
AU,0.12976429184120505,0.12276449446960162,0.13237136283106574,0.14581809224913636,0.12965001679811758,0.12187252952278481,0.10396860283387202,0.07240723986123698,0.04138336959297967
NZ,0.12759317104752094,0.12959825873200237,0.13919588705066716,0.12837745500891393,0.1227385736027272,0.1303734182898255,0.10831330630436148,0.07503411801130305,0.03877581195267836
FJ,0.19760297352651138,0.1764025415976904,0.15834229466648223,0.15054370378963994,0.11882839307307538,0.10199967873062903,0.063717309725984,0.026363052237507303,0.006200052652480243
NC,0.14471209250028896,0.15132876342861948,0.1512902333173375,0.14533207701818973,0.14299224844215755,0.1224241744923658,0.07984489878840315,0.04659691548945501,0.01547859652318287
PG,0.24034218293965134,0.21435980912989308,0.1737095461989776,0.1364181643801902,0.10488221394659925,0.07031598317519329,0.04158766928947459,0.015273788712161035,0.003110642227859601
GU,0.15985022188253556,0.16092260476469786,0.1601523850150785,0.12936729409952424,0.11811616098777719,0.11946700793326342,0.08490784024457439,0.0461006143983695,0.02111587067417927
PF,0.14109446643693221,0.15711417423746193,0.14375017799675335,0.15438370404123833,0.14093070942386013,0.12690812519579647,0.08202802380884575,0.038529177227807375,0.015261441631304648
BY,0.12104996750560176,0.0983015605036595,0.11406131720998793,0.16195322394064085,0.13603104392368512,0.1424219793147042,0.1315704059582694,0.05561902278481175,0.03899147885863969
BG,0.09345716919397075,0.0987099991436933,0.09929084852798,0.1378137122766317,0.15283779320409102,0.13595905270891545,0.13277675796527136,0.10223409698141095,0.04692056999803553
CZ,0.10399177064636023,0.09910661909787505,0.10321606666254551,0.13803459563196577,0.16792950067522758,0.12618099460807758,0.12369214926311389,0.09628356831676436,0.04156473509807001
HU,0.09405104369924486,0.10032835249240452,0.1192182477860533,0.13013420838789483,0.16440532692914853,0.12436278188678462,0.13523650799401676,0.08763409193248692,0.044629438891965606
PL,0.10000556192556773,0.09800445773141346,0.11709261636545738,0.15866477323395325,0.14625990891389076,0.12057007491160703,0.13671363653358082,0.07663900104117663,0.04604996934335327
MD,0.10512193592256547,0.10393898010467621,0.1415067515492829,0.19184013338744058,0.13951739269794988,0.12915710927442814,0.12104449148393279,0.04585788218682224,0.022015323392901718
RO,0.09902684741332142,0.10787713405388445,0.10844674529914779,0.1344184813950038,0.1573197852007326,0.13354821022615926,0.13182191076866748,0.07954539429438535,0.047995491348697836
RU,0.12760938711802544,0.10454033269455344,0.10695064757151944,0.16766810936909624,0.13961964158431123,0.1294941989712368,0.12677861692159617,0.05858601183024216,0.03875305393941911
SK,0.10377803090788168,0.09991404199871677,0.12011499652999288,0.15524879557143206,0.1577758838810523,0.1299017170170284,0.12733634781614842,0.0730287676318763,0.032901418645871164
UA,0.10494206546480489,0.10023188265156899,0.11200708816271657,0.16483737425817888,0.1464864705547035,0.13506126925883502,0.12667230365448345,0.06821800979879182,0.04154353619591675
DK,0.10462841167686976,0.11669963915284048,0.13396664447016102,0.11606810051374236,0.12744839916694908,0.13986491840841905,0.1130019096361091,0.10119431242309704,0.04712766455181216
EE,0.10829760753358927,0.10364414465010073,0.10972462927965176,0.14596706165442552,0.13941391847506932,0.12459716600868877,0.12775500757987512,0.08098442639078081,0.059616038427818555
FI,0.1026363370234688,0.10949122478350279,0.12134763039736005,0.12752498863865658,0.11903872386214202,0.13004722492644455,0.12856185786751825,0.10521885430732981,0.056133158193577073
IS,0.12621245421245422,0.13101245421245422,0.14006739926739928,0.13735091575091576,0.1259076923076923,0.12340219780219781,0.1099956043956044,0.06861538461538462,0.03743589743589744
IE,0.13608156351538214,0.1354343111785096,0.11489680821159885,0.1409389938344962,0.15456855649767628,0.12170065348993761,0.09736834004482972,0.06696570696723801,0.03204506626033153
LV,0.11015204097970419,0.10005503122147044,0.09978941810050038,0.1395513311935837,0.13460223242261432,0.14009210042190604,0.1326178214210355,0.08626011424015032,0.0568799099990351
LT,0.11044925028220713,0.089204644176541,0.11640122235279036,0.1240003364812946,0.13073877847739274,0.15448679072149155,0.1296007664132894,0.08202025426378003,0.06309795683121311
NO,0.11331776002620803,0.11861322553023829,0.13398830009802185,0.13626471572381385,0.13372028033428504,0.13142892348284768,0.10812208715272258,0.08235160872729903,0.042193098924563785
SE,0.11822151502039256,0.11160479915875107,0.12643785144866904,0.13073212222269529,0.12516973999110828,0.12839017077471934,0.10831159083775362,0.09844711548458453,0.052685095061326216
GB,0.11849358521677016,0.11257803596747276,0.12607469133107319,0.1369210654967996,0.12674558072382638,0.13513043130363073,0.10733842869879334,0.08588861704100303,0.05082956422063081
AL,0.11600250191118217,0.12571339217457783,0.16425012162068248,0.1357887969977066,0.11224511779831817,0.13416185975397876,0.11475502119674752,0.06764472861213428,0.02943845993467232
BA,0.08998130037810725,0.10554542087865361,0.12291823830359225,0.13971680817114038,0.13647157794633344,0.15245663044091176,0.14136578868360453,0.07391395125906214,0.03763028393859452
HR,0.0939709660855272,0.09941031864423956,0.11502294125499239,0.13136560146621368,0.13567981432637286,0.1416187688599137,0.13772011961216662,0.0881684216475027,0.057043048103071474
GR,0.08453633943826071,0.1025471800209075,0.10143052095278006,0.12822678876521432,0.15105061317909066,0.14445801691941404,0.12061357053056225,0.09172770442756904,0.07540926576620138
IT,0.08261402549721122,0.09482756624559878,0.10094693134319391,0.11574962635929564,0.1492181810976671,0.1582352422424277,0.12379483465170783,0.09971428584660058,0.07489930671629709
MT,0.09761765098892737,0.09269169880803281,0.1250444468099081,0.14801184040367898,0.13463363372204948,0.1205148356090855,0.13063398703172313,0.10229220974817627,0.04855969687841845
ME,0.11773200734959287,0.12504657183526469,0.13405682878441938,0.14066764109275837,0.13362056612245288,0.12788546353703933,0.12251179023726956,0.06438536322847108,0.034093767812731865
MK,0.10922251341569948,0.1120539699910722,0.13582879743493745,0.15646545517380409,0.14394925553667595,0.1357563190584531,0.1174274496251284,0.06426240052222829,0.025033839242000977
PT,0.08248506110845394,0.09955822011949544,0.10529850470352829,0.11918641969412282,0.15455097415273383,0.14524365562333016,0.1268864546171622,0.09986694724090826,0.06692376274026506
RS,0.09794938293788633,0.11442012871150013,0.12617824356757237,0.13904458664334918,0.14076249489262785,0.12835761791019493,0.13075685246246868,0.08351277329448106,0.03901791957991936
SI,0.10109565873246457,0.09446004005903032,0.09884594589914437,0.13643976811170352,0.14686675658463097,0.14488304571770508,0.1370612410603137,0.08537797292071123,0.05496957091429639
ES,0.09056799600588457,0.10129609627318771,0.09876206676010024,0.12623292466141914,0.16979009398888664,0.15070815321717992,0.11422690166265984,0.0858801119876869,0.062535655442995
AT,0.09706231124533665,0.0972872623911885,0.12384271184935157,0.13805915793213716,0.13082530200746134,0.156222241961272,0.11473174631373248,0.08776392343222597,0.054205342867294365
BE,0.11240260246758821,0.11322644339553614,0.1195971462730085,0.12977108128517803,0.13101719677338747,0.13794598544076006,0.11819856671696456,0.08105643879831738,0.05678453884925953
FR,0.11532203139307105,0.12077605078151762,0.112925270514018,0.12273048828750013,0.12755046794479208,0.13229036917762294,0.1189576868485336,0.08774928488603462,0.06169835016690997
DE,0.09406222158672521,0.09465555721922617,0.1119231256059857,0.12976256966653932,0.12225911539496019,0.16099018732049436,0.12704274070646826,0.08917476970080601,0.07012971279879454
LU,0.10528518665252339,0.10527719912584506,0.1366394238756757,0.15706033458151744,0.1511240047541758,0.1451429447774355,0.09924182396769202,0.06050231957774736,0.03972676268738736
NL,0.10229215004978444,0.11401846981883088,0.12241001144274603,0.12241298782897311,0.1255589113499703,0.14730613994045944,0.12427877346975377,0.0928821590915789,0.04884039700790312
CH,0.10225119121375431,0.09646491618694204,0.12013574718144694,0.14087554182056333,0.1347937020443883,0.15259159907462116,0.1129379713812903,0.08688921914288995,0.05306011195410358
CA,0.10521181923968999,0.10522239097251383,0.13503775102202029,0.139861137242368,0.12841520954936414,0.13731152143742076,0.12486684319605794,0.07998154424507323,0.044091783095491874
US,0.12000352371804446,0.12789140927927384,0.13925591054261266,0.1349483770140364,0.12189750555076376,0.12724997030008647,0.11627752934555838,0.07275650880217886,0.0397192654474452
